  4.900000000000000E+00  0.000000000000000E+00 -0.000000000000000E+00 -5.400000000000000E+06
  4.894651666794908E+00  8.543646264491354E-02 -9.583473150236713E-02 -5.400000000000000E+06
  4.878670295719857E+00  1.703669208230698E-01 -1.907221454070132E-01 -5.400000000000000E+06
  4.852245379062579E+00  2.542954048530682E-01 -2.837295709549834E-01 -5.400000000000000E+06
  4.815688141608682E+00  3.367457190568635E-01 -3.739532339046570E-01 -5.400000000000000E+06
  4.769424815301504E+00  4.172706028781055E-01 -4.605317281958404E-01 -5.400000000000000E+06
  4.713987551609821E+00  4.954600566638689E-01 -5.426583604459332E-01 -5.400000000000000E+06
  4.650003280050199E+00  5.709486109380297E-01 -6.195920634648434E-01 -5.400000000000000E+06
  4.578180883147350E+00  6.434213627360601E-01 -6.906666314812875E-01 -5.400000000000000E+06
  4.499297102590250E+00  7.126186534475644E-01 -7.552980944291542E-01 -5.400000000000000E+06
  4.414181616971772E+00  7.783393168194422E-01 -8.129901180994794E-01 -5.400000000000000E+06
  4.323701737920204E+00  8.404424804362199E-01 -8.633373877623236E-01 -5.400000000000000E+06
  4.228747159358232E+00  8.988479563650589E-01 -9.060270016552500E-01 -5.400000000000000E+06
  4.130215165746251E+00  9.535353042752048E-01 -9.408379644831524E-01 -5.400000000000000E+06
  4.028996661968439E+00  1.004541691190433E+00 -9.676389272144840E-01 -5.400000000000000E+06
  3.925963333071723E+00  1.051958704610767E+00 -9.863843660215599E-01 -5.400000000000000E+06
  3.821956179785214E+00  1.095928299125771E+00 -9.971094288892364E-01 -5.400000000000000E+06
  3.717775609152429E+00  1.136638070496558E+00 -9.999237025766774E-01 -5.400000000000000E+06
  3.614173192105124E+00  1.174316055711910E+00 -9.950041652780257E-01 -5.400000000000000E+06
  3.511845134493304E+00  1.209225253403003E+00 -9.825875920824546E-01 -5.400000000000000E+06
  3.411427447603216E+00  1.241658047286295E+00 -9.629626722498078E-01 -5.400000000000000E+06
  3.313492750633026E+00  1.271930697318592E+00 -9.364620808167448E-01 -5.400000000000000E+06
  3.218548592441324E+00  1.300378040471124E+00 -9.034547237784885E-01 -5.400000000000000E+06
  3.127037144019083E+00  1.327348516988108E+00 -8.643383478029101E-01 -5.400000000000000E+06
  3.039336086876805E+00  1.353199610170951E+00 -8.195326738645866E-01 -5.400000000000000E+06
  2.955760505702756E+00  1.378293759481287E+00 -7.694731809664306E-01 -5.400000000000000E+06
  2.876565585644066E+00  1.402994779265653E+00 -7.146056326933573E-01 -5.400000000000000E+06
  2.801949914491217E+00  1.427664789642013E+00 -6.553814069316344E-01 -5.400000000000000E+06
  2.732059196804238E+00  1.452661642798298E+00 -5.922536586448240E-01 -5.400000000000000E+06
  2.666990199394720E+00  1.478336807660318E+00 -5.256743178126583E-01 -5.400000000000000E+06
  2.606794764338861E+00  1.505033658913148E+00 -4.560918999490337E-01 -5.400000000000000E+06
  2.551483745659910E+00  1.533086102855972E+00 -3.839500852281679E-01 -5.400000000000000E+06
  2.501030747902182E+00  1.562817462546937E+00 -3.096870041808074E-01 -5.400000000000000E+06
  2.455375568080094E+00  1.594539538062864E+00 -2.337351530428577E-01 -5.400000000000000E+06
  2.414427266136650E+00  1.628551754305747E+00 -1.565218499100715E-01 -5.400000000000000E+06
  2.378066812458199E+00  1.665140308449567E+00 -7.847013357700600E-02 -5.400000000000000E+06
  2.346149283687347E+00  1.704577231648172E+00 -1.224646799147353E-16 -5.400000000000000E+06
  2.318505599705327E+00  1.747119284843957E+00  7.847013357700575E-02 -5.400000000000000E+06
  2.294943814974853E+00  1.793006616280344E+00  1.565218499100717E-01 -5.400000000000000E+06
  2.275249996274741E+00  1.842461118510284E+00  2.337351530428575E-01 -5.400000000000000E+06
  2.259188736091181E+00  1.895684435213975E+00  3.096870041808071E-01 -5.400000000000000E+06
  2.246503366443072E+00  1.952855582908470E+00  3.839500852281676E-01 -5.400000000000000E+06
  2.236915951581232E+00  2.014128169558092E+00  4.560918999490334E-01 -5.400000000000000E+06
  2.230127149648719E+00  2.079627211052613E+00  5.256743178126584E-01 -5.400000000000000E+06
  2.225816042806223E+00  2.149445567323471E+00  5.922536586448238E-01 -5.400000000000000E+06
  2.223640042239403E+00  2.223640042239403E+00  6.553814069316343E-01 -5.400000000000000E+06
  2.223234978546820E+00  2.302227214964758E+00  7.146056326933572E-01 -5.400000000000000E+06
  2.224215488888063E+00  2.385179094635811E+00  7.694731809664309E-01 -5.400000000000000E+06
  2.226175809563129E+00  2.472418714310820E+00  8.195326738645867E-01 -5.400000000000000E+06
  2.228691076019844E+00  2.563815803308626E+00  8.643383478029097E-01 -5.400000000000000E+06
  2.231319221323122E+00  2.659182698236345E+00  9.034547237784883E-01 -5.400000000000000E+06
  2.233603548644481E+00  2.758270671047669E+00  9.364620808167448E-01 -5.400000000000000E+06
  2.235076033268491E+00  2.860766866097305E+00  9.629626722498078E-01 -5.400000000000000E+06
  2.235261385088988E+00  2.966292046050407E+00  9.825875920824546E-01 -5.400000000000000E+06
  2.233681873949670E+00  3.074399347388496E+00  9.950041652780258E-01 -5.400000000000000E+06
  2.229862888115675E+00  3.184574238970615E+00  9.999237025766774E-01 -5.400000000000000E+06
  2.223339161585811E+00  3.296235860732965E+00  9.971094288892364E-01 -5.400000000000000E+06
  2.213661570105553E+00  3.408739893548320E+00  9.863843660215599E-01 -5.400000000000000E+06
  2.200404360124998E+00  3.521383075360512E+00  9.676389272144841E-01 -5.400000000000000E+06
  2.183172641289147E+00  3.633409433326515E+00  9.408379644831524E-01 -5.400000000000000E+06
  2.161609943216049E+00  3.744018247796271E+00  9.060270016552505E-01 -5.400000000000000E+06
  2.135405613215967E+00  3.852373703116263E+00  8.633373877623240E-01 -5.400000000000000E+06
  2.104301815051611E+00  3.957616114643886E+00  8.129901180994796E-01 -5.400000000000000E+06
  2.068099881437132E+00  4.058874553742472E+00  7.552980944291543E-01 -5.400000000000000E+06
  2.026665775968674E+00  4.155280626065858E+00  6.906666314812879E-01 -5.400000000000000E+06
  1.979934434337039E+00  4.245983096590958E+00  6.195920634648433E-01 -5.400000000000000E+06
  1.927912780173523E+00  4.330163001149647E+00  5.426583604459326E-01 -5.400000000000000E+06
  1.870681247247389E+00  4.407048842029890E+00  4.605317281958398E-01 -5.400000000000000E+06
  1.808393685810518E+00  4.475931437550653E+00  3.739532339046568E-01 -5.400000000000000E+06
  1.741275584857071E+00  4.536177984729457E+00  2.837295709549846E-01 -5.400000000000000E+06
  1.669620601539608E+00  4.587244901786313E+00  1.907221454070134E-01 -5.400000000000000E+06
  1.593785451112942E+00  4.628689043803673E+00  9.583473150236746E-02 -5.400000000000000E+06
  1.514183272437243E+00  4.660176929846252E+00  2.449293598294706E-16 -5.400000000000000E+06
  1.431275642057637E+00  4.681491681596790E+00 -9.583473150236697E-02 -5.400000000000000E+06
  1.345563461119765E+00  4.692537449413633E+00 -1.907221454070129E-01 -5.400000000000000E+06
  1.257576981158221E+00  4.693341188111568E+00 -2.837295709549841E-01 -5.400000000000000E+06
  1.167865264923464E+00  4.684051737493817E+00 -3.739532339046572E-01 -5.400000000000000E+06
  1.076985395396129E+00  4.664936257114718E+00 -4.605317281958409E-01 -5.400000000000000E+06
  9.854917492652465E-01  4.636374156235867E+00 -5.426583604459323E-01 -5.400000000000000E+06
  8.939256405324802E-01  4.598848743980200E+00 -6.195920634648429E-01 -5.400000000000000E+06
  8.028056164613990E-01  4.552936897324518E+00 -6.906666314812876E-01 -5.400000000000000E+06
  7.126186534475648E-01  4.499297102590250E+00 -7.552980944291540E-01 -5.400000000000000E+06
  6.238124567519138E-01  4.438656267218676E+00 -8.129901180994793E-01 -5.400000000000000E+06
  5.367890180357091E-01  4.371795721615117E+00 -8.633373877623238E-01 -5.400000000000000E+06
  4.518995310969064E-01  4.299536835548261E+00 -9.060270016552503E-01 -5.400000000000000E+06
  3.694407119923161E-01  4.222726660841564E+00 -9.408379644831525E-01 -5.400000000000000E+06
  2.896525175313682E-01  4.142223983632500E+00 -9.676389272144842E-01 -5.400000000000000E+06
  2.127172083185964E-01  4.058886127759085E+00 -9.863843660215598E-01 -5.400000000000000E+06
  1.387596610341546E-01  3.973556798825553E+00 -9.971094288892363E-01 -5.400000000000000E+06
  6.784880088587136E-02  3.887055199444588E+00 -9.999237025766774E-01 -5.400000000000000E+06
  2.326930921265098E-16  3.800166583353172E+00 -9.950041652780258E-01 -5.400000000000000E+06
 -6.482172874618020E-02  3.713634352708167E+00 -9.825875920824545E-01 -5.400000000000000E+06
 -1.266979204954028E-01  3.628153741725060E+00 -9.629626722498079E-01 -5.400000000000000E+06
 -1.857524072768909E-01  3.544367073324915E+00 -9.364620808167453E-01 -5.400000000000000E+06
 -2.421467967512503E-01  3.462860525471485E+00 -9.034547237784878E-01 -5.400000000000000E+06
 -2.960758369326516E-01  3.384162301724044E+00 -8.643383478029100E-01 -5.400000000000000E+06
 -3.477628046391602E-01  3.308742066959576E+00 -8.195326738645865E-01 -5.400000000000000E+06
 -3.974550337591821E-01  3.237011484477119E+00 -7.694731809664312E-01 -5.400000000000000E+06
 -4.454196757505405E-01  3.169325674589590E+00 -7.146056326933584E-01 -5.400000000000000E+06
 -4.919397603089698E-01  3.105985406779637E+00 -6.553814069316353E-01 -5.400000000000000E+06
 -5.373105999044649E-01  3.047239836726078E+00 -5.922536586448243E-01 -5.400000000000000E+06
 -5.818365587599227E-01  2.993289605006705E+00 -5.256743178126584E-01 -5.400000000000000E+06
 -6.258281855245430E-01  2.944290124979033E+00 -4.560918999490323E-01 -5.400000000000000E+06
 -6.695996898823563E-01  2.900354902153578E+00 -3.839500852281681E-01 -5.400000000000000E+06
 -7.134667269790627E-01  2.861558745279848E+00 -3.096870041808064E-01 -5.400000000000000E+06
 -7.577444400551615E-01  2.827940749438691E+00 -2.337351530428584E-01 -5.400000000000000E+06
 -8.027457011379151E-01  2.799506952879564E+00 -1.565218499100726E-01 -5.400000000000000E+06
 -8.487794820880381E-01  2.776232591503273E+00 -7.847013357700712E-02 -5.400000000000000E+06
 -8.961492836873473E-01  2.758063897255945E+00 -3.673940397442059E-16 -5.400000000000000E+06
 -9.451515487333485E-01  2.744919408883542E+00  7.847013357700638E-02 -5.400000000000000E+06
 -9.960739862108409E-01  2.736690785220441E+00  1.565218499100719E-01 -5.400000000000000E+06
 -1.049193737479232E+00  2.733243132252368E+00  2.337351530428577E-01 -5.400000000000000E+06
 -1.104775321996916E+00  2.734414875453322E+00  3.096870041808056E-01 -5.400000000000000E+06
 -1.163068309357032E+00  2.740017228213395E+00  3.839500852281690E-01 -5.400000000000000E+06
 -1.224304676284846E+00  2.749833325398661E+00  4.560918999490332E-01 -5.400000000000000E+06
 -1.288695821677888E+00  2.763617108019984E+00  5.256743178126578E-01 -5.400000000000000E+06
 -1.356429229645203E+00  2.781092060372004E+00  5.922536586448250E-01 -5.400000000000000E+06
 -1.427664789642013E+00  2.801949914491217E+00  6.553814069316347E-01 -5.400000000000000E+06
 -1.502530803924488E+00  2.825849447938885E+00  7.146056326933580E-01 -5.400000000000000E+06
 -1.581119735265969E+00  2.852415509221920E+00  7.694731809664308E-01 -5.400000000000000E+06
 -1.663483771633977E+00  2.881238410036354E+00  8.195326738645861E-01 -5.400000000000000E+06
 -1.749630308615244E+00  2.911873824326955E+00  8.643383478029105E-01 -5.400000000000000E+06
 -1.839517473912684E+00  2.943843330276839E+00  9.034547237784875E-01 -5.400000000000000E+06
 -1.933049840178358E+00  2.976635722198032E+00  9.364620808167450E-01 -5.400000000000000E+06
 -2.030074491602997E+00  3.009709204423949E+00  9.629626722498077E-01 -5.400000000000000E+06
 -2.130377624768142E+00  3.042494558420621E+00  9.825875920824544E-01 -5.400000000000000E+06
 -2.233681873949669E+00  3.074399347388496E+00  9.950041652780257E-01 -5.400000000000000E+06
 -2.339644554044939E+00  3.104813189877729E+00  9.999237025766774E-01 -5.400000000000000E+06
 -2.447857009406487E+00  3.133114095995008E+00  9.971094288892364E-01 -5.400000000000000E+06
 -2.557845243157032E+00  3.158675817631327E+00  9.863843660215600E-01 -5.400000000000000E+06
 -2.669071978417727E+00  3.180876119171862E+00  9.676389272144839E-01 -5.400000000000000E+06
 -2.780940270120675E+00  3.199105829115486E+00  9.408379644831525E-01 -5.400000000000000E+06
 -2.892798744030985E+00  3.212778488002983E+00  9.060270016552494E-01 -5.400000000000000E+06
 -3.003948489185424E+00  3.221340366328368E+00  8.633373877623242E-01 -5.400000000000000E+06
 -3.113651572681782E+00  3.224280590093666E+00  8.129901180994787E-01 -5.400000000000000E+06
 -3.221141083732473E+00  3.221141083732473E+00  7.552980944291551E-01 -5.400000000000000E+06
 -3.325632549762530E+00  3.211526022438703E+00  6.906666314812868E-01 -5.400000000000000E+06
 -3.426336504133612E+00  3.195110480288770E+00  6.195920634648427E-01 -5.400000000000000E+06
 -3.522471926117278E+00  3.171647968201600E+00  5.426583604459351E-01 -5.400000000000000E+06
 -3.613280222385572E+00  3.140976577333443E+00  4.605317281958400E-01 -5.400000000000000E+06
 -3.698039378737083E+00  3.103023478777345E+00  3.739532339046578E-01 -5.400000000000000E+06
 -3.776077883840558E+00  3.057807578434874E+00  2.837295709549831E-01 -5.400000000000000E+06
 -3.846788015651334E+00  3.005440184846686E+00  1.907221454070128E-01 -5.400000000000000E+06
 -3.909638087232027E+00  2.946123615069834E+00  9.583473150236504E-02 -5.400000000000000E+06
 -3.964183272437242E+00  2.880147736233119E+00  4.898587196589413E-16 -5.400000000000000E+06
 -4.010074672733460E+00  2.807884514631803E+00 -9.583473150236761E-02 -5.400000000000000E+06
 -4.047066342727894E+00  2.729780716396296E+00 -1.907221454070118E-01 -5.400000000000000E+06
 -4.075020061237312E+00  2.646348970199697E+00 -2.837295709549822E-01 -5.400000000000000E+06
 -4.093907713605581E+00  2.558157459777316E+00 -3.739532339046569E-01 -5.400000000000000E+06
 -4.103811235559451E+00  2.465818559370510E+00 -4.605317281958392E-01 -5.400000000000000E+06
 -4.104920154931310E+00  2.369976756451512E+00 -5.426583604459343E-01 -5.400000000000000E+06
 -4.097526850786106E+00  2.271296221961498E+00 -6.195920634648420E-01 -5.400000000000000E+06
 -4.082019725814893E+00  2.170448388443982E+00 -6.906666314812874E-01 -5.400000000000000E+06
 -4.058874553742472E+00  2.068099881437132E+00 -7.552980944291544E-01 -5.400000000000000E+06
 -4.028644316093516E+00  1.964901120699434E+00 -8.129901180994792E-01 -5.400000000000000E+06
 -3.991947879986455E+00  1.861475867393296E+00 -8.633373877623237E-01 -5.400000000000000E+06
 -3.949457889640204E+00  1.758411943885935E+00 -9.060270016552491E-01 -5.400000000000000E+06
 -3.901888248907039E+00  1.656253297325232E+00 -9.408379644831522E-01 -5.400000000000000E+06
 -3.849981561207080E+00  1.555493519709442E+00 -9.676389272144836E-01 -5.400000000000000E+06
 -3.794496868338839E+00  1.456570878809795E+00 -9.863843660215598E-01 -5.400000000000000E+06
 -3.736197992998692E+00  1.359864858776650E+00 -9.971094288892363E-01 -5.400000000000000E+06
 -3.675842744109036E+00  1.265694158907198E+00 -9.999237025766774E-01 -5.400000000000000E+06
 -3.614173192105125E+00  1.174316055711911E+00 -9.950041652780258E-01 -5.400000000000000E+06
 -3.551907166067968E+00  1.085926998359859E+00 -9.825875920824543E-01 -5.400000000000000E+06
 -3.489731068773308E+00  1.000664281509899E+00 -9.629626722498080E-01 -5.400000000000000E+06
 -3.428294051822259E+00  9.186086226021967E-01 -9.364620808167453E-01 -5.400000000000000E+06
 -3.368203543100508E+00  8.397874625705748E-01 -9.034547237784879E-01 -5.400000000000000E+06
 -3.310022074491034E+00  7.641788089234297E-01 -8.643383478029110E-01 -5.400000000000000E+06
 -3.254265320166795E+00  6.917154472166477E-01 -8.195326738645866E-01 -5.400000000000000E+06
 -3.201401225565669E+00  6.222893598993260E-01 -7.694731809664315E-01 -5.400000000000000E+06
 -3.151850084515857E+00  5.557562090484011E-01 -7.146056326933574E-01 -5.400000000000000E+06
 -3.105985406779637E+00  4.919397603089704E-01 -6.553814069316355E-01 -5.400000000000000E+06
 -3.064135410060794E+00  4.306361481710981E-01 -5.922536586448245E-01 -5.400000000000000E+06
 -3.026584968605627E+00  3.716179064055735E-01 -5.256743178126586E-01 -5.400000000000000E+06
 -2.993577854110704E+00  3.146377110645711E-01 -4.560918999490340E-01 -5.400000000000000E+06
 -2.965319112863595E+00  2.594318061123146E-01 -3.839500852281683E-01 -5.400000000000000E+06
 -2.941977435017384E+00  2.057231028405124E-01 -3.096870041808066E-01 -5.400000000000000E+06
 -2.923687386820441E+00  1.532239632610971E-01 -2.337351530428587E-01 -5.400000000000000E+06
 -2.910551393762747E+00  1.016386943154745E-01 -1.565218499100729E-01 -5.400000000000000E+06
 -2.902641381342139E+00  5.066579377465801E-02 -7.847013357700559E-02 -5.400000000000000E+06
 -2.900000000000000E+00  3.551475717527324E-16 -6.123233995736766E-16 -5.400000000000000E+06
 -2.902641381342139E+00 -5.066579377465858E-02  7.847013357700791E-02 -5.400000000000000E+06
 -2.910551393762747E+00 -1.016386943154738E-01  1.565218499100716E-01 -5.400000000000000E+06
 -2.923687386820440E+00 -1.532239632610964E-01  2.337351530428575E-01 -5.400000000000000E+06
 -2.941977435017384E+00 -2.057231028405117E-01  3.096870041808054E-01 -5.400000000000000E+06
 -2.965319112863596E+00 -2.594318061123139E-01  3.839500852281688E-01 -5.400000000000000E+06
 -2.993577854110703E+00 -3.146377110645703E-01  4.560918999490314E-01 -5.400000000000000E+06
 -3.026584968605628E+00 -3.716179064055728E-01  5.256743178126592E-01 -5.400000000000000E+06
 -3.064135410060794E+00 -4.306361481710988E-01  5.922536586448249E-01 -5.400000000000000E+06
 -3.105985406779636E+00 -4.919397603089695E-01  6.553814069316345E-01 -5.400000000000000E+06
 -3.151850084515859E+00 -5.557562090484020E-01  7.146056326933590E-01 -5.400000000000000E+06
 -3.201401225565668E+00 -6.222893598993250E-01  7.694731809664307E-01 -5.400000000000000E+06
 -3.254265320166797E+00 -6.917154472166487E-01  8.195326738645879E-01 -5.400000000000000E+06
 -3.310022074491032E+00 -7.641788089234284E-01  8.643383478029094E-01 -5.400000000000000E+06
 -3.368203543100508E+00 -8.397874625705738E-01  9.034547237784873E-01 -5.400000000000000E+06
 -3.428294051822256E+00 -9.186086226021952E-01  9.364620808167443E-01 -5.400000000000000E+06
 -3.489731068773307E+00 -1.000664281509898E+00  9.629626722498077E-01 -5.400000000000000E+06
 -3.551907166067970E+00 -1.085926998359860E+00  9.825875920824547E-01 -5.400000000000000E+06
 -3.614173192105120E+00 -1.174316055711909E+00  9.950041652780254E-01 -5.400000000000000E+06
 -3.675842744109036E+00 -1.265694158907199E+00  9.999237025766774E-01 -5.400000000000000E+06
 -3.736197992998695E+00 -1.359864858776650E+00  9.971094288892361E-01 -5.400000000000000E+06
 -3.794496868338836E+00 -1.456570878809795E+00  9.863843660215603E-01 -5.400000000000000E+06
 -3.849981561207079E+00 -1.555493519709441E+00  9.676389272144840E-01 -5.400000000000000E+06
 -3.901888248907037E+00 -1.656253297325230E+00  9.408379644831532E-01 -5.400000000000000E+06
 -3.949457889640204E+00 -1.758411943885934E+00  9.060270016552495E-01 -5.400000000000000E+06
 -3.991947879986455E+00 -1.861475867393295E+00  8.633373877623244E-01 -5.400000000000000E+06
 -4.028644316093515E+00 -1.964901120699435E+00  8.129901180994789E-01 -5.400000000000000E+06
 -4.058874553742472E+00 -2.068099881437131E+00  7.552980944291552E-01 -5.400000000000000E+06
 -4.082019725814892E+00 -2.170448388443982E+00  6.906666314812883E-01 -5.400000000000000E+06
 -4.097526850786105E+00 -2.271296221961497E+00  6.195920634648443E-01 -5.400000000000000E+06
 -4.104920154931309E+00 -2.369976756451512E+00  5.426583604459339E-01 -5.400000000000000E+06
 -4.103811235559452E+00 -2.465818559370510E+00  4.605317281958387E-01 -5.400000000000000E+06
 -4.093907713605581E+00 -2.558157459777315E+00  3.739532339046581E-01 -5.400000000000000E+06
 -4.075020061237312E+00 -2.646348970199695E+00  2.837295709549834E-01 -5.400000000000000E+06
 -4.047066342727895E+00 -2.729780716396295E+00  1.907221454070148E-01 -5.400000000000000E+06
 -4.010074672733460E+00 -2.807884514631804E+00  9.583473150236706E-02 -5.400000000000000E+06
 -3.964183272437243E+00 -2.880147736233118E+00  7.347880794884119E-16 -5.400000000000000E+06
 -3.909638087232026E+00 -2.946123615069835E+00 -9.583473150236914E-02 -5.400000000000000E+06
 -3.846788015651335E+00 -3.005440184846685E+00 -1.907221454070133E-01 -5.400000000000000E+06
 -3.776077883840556E+00 -3.057807578434875E+00 -2.837295709549854E-01 -5.400000000000000E+06
 -3.698039378737083E+00 -3.103023478777344E+00 -3.739532339046567E-01 -5.400000000000000E+06
 -3.613280222385574E+00 -3.140976577333443E+00 -4.605317281958374E-01 -5.400000000000000E+06
 -3.522471926117280E+00 -3.171647968201601E+00 -5.426583604459326E-01 -5.400000000000000E+06
 -3.426336504133612E+00 -3.195110480288769E+00 -6.195920634648432E-01 -5.400000000000000E+06
 -3.325632549762529E+00 -3.211526022438703E+00 -6.906666314812873E-01 -5.400000000000000E+06
 -3.221141083732475E+00 -3.221141083732474E+00 -7.552980944291543E-01 -5.400000000000000E+06
 -3.113651572681780E+00 -3.224280590093664E+00 -8.129901180994801E-01 -5.400000000000000E+06
 -3.003948489185425E+00 -3.221340366328368E+00 -8.633373877623236E-01 -5.400000000000000E+06
 -2.892798744030983E+00 -3.212778488002981E+00 -9.060270016552504E-01 -5.400000000000000E+06
 -2.780940270120675E+00 -3.199105829115485E+00 -9.408379644831526E-01 -5.400000000000000E+06
 -2.669071978417729E+00 -3.180876119171863E+00 -9.676389272144835E-01 -5.400000000000000E+06
 -2.557845243157034E+00 -3.158675817631325E+00 -9.863843660215600E-01 -5.400000000000000E+06
 -2.447857009406487E+00 -3.133114095995009E+00 -9.971094288892363E-01 -5.400000000000000E+06
 -2.339644554044939E+00 -3.104813189877730E+00 -9.999237025766774E-01 -5.400000000000000E+06
 -2.233681873949669E+00 -3.074399347388494E+00 -9.950041652780255E-01 -5.400000000000000E+06
 -2.130377624768145E+00 -3.042494558420624E+00 -9.825875920824549E-01 -5.400000000000000E+06
 -2.030074491602997E+00 -3.009709204423950E+00 -9.629626722498080E-01 -5.400000000000000E+06
 -1.933049840178356E+00 -2.976635722198030E+00 -9.364620808167435E-01 -5.400000000000000E+06
 -1.839517473912686E+00 -2.943843330276840E+00 -9.034547237784880E-01 -5.400000000000000E+06
 -1.749630308615244E+00 -2.911873824326954E+00 -8.643383478029102E-01 -5.400000000000000E+06
 -1.663483771633981E+00 -2.881238410036356E+00 -8.195326738645887E-01 -5.400000000000000E+06
 -1.581119735265968E+00 -2.852415509221919E+00 -7.694731809664294E-01 -5.400000000000000E+06
 -1.502530803924488E+00 -2.825849447938885E+00 -7.146056326933575E-01 -5.400000000000000E+06
 -1.427664789642014E+00 -2.801949914491217E+00 -6.553814069316356E-01 -5.400000000000000E+06
 -1.356429229645204E+00 -2.781092060372004E+00 -5.922536586448260E-01 -5.400000000000000E+06
 -1.288695821677887E+00 -2.763617108019984E+00 -5.256743178126574E-01 -5.400000000000000E+06
 -1.224304676284845E+00 -2.749833325398661E+00 -4.560918999490327E-01 -5.400000000000000E+06
 -1.163068309357032E+00 -2.740017228213396E+00 -3.839500852281702E-01 -5.400000000000000E+06
 -1.104775321996917E+00 -2.734414875453322E+00 -3.096870041808068E-01 -5.400000000000000E+06
 -1.049193737479234E+00 -2.733243132252368E+00 -2.337351530428589E-01 -5.400000000000000E+06
 -9.960739862108402E-01 -2.736690785220440E+00 -1.565218499100713E-01 -5.400000000000000E+06
 -9.451515487333485E-01 -2.744919408883542E+00 -7.847013357700407E-02 -5.400000000000000E+06
 -8.961492836873479E-01 -2.758063897255945E+00 -8.572527594031472E-16 -5.400000000000000E+06
 -8.487794820880394E-01 -2.776232591503273E+00  7.847013357700236E-02 -5.400000000000000E+06
 -8.027457011379147E-01 -2.799506952879564E+00  1.565218499100732E-01 -5.400000000000000E+06
 -7.577444400551607E-01 -2.827940749438691E+00  2.337351530428572E-01 -5.400000000000000E+06
 -7.134667269790625E-01 -2.861558745279848E+00  3.096870041808052E-01 -5.400000000000000E+06
 -6.695996898823570E-01 -2.900354902153578E+00  3.839500852281686E-01 -5.400000000000000E+06
 -6.258281855245443E-01 -2.944290124979033E+00  4.560918999490312E-01 -5.400000000000000E+06
 -5.818365587599221E-01 -2.993289605006706E+00  5.256743178126589E-01 -5.400000000000000E+06
 -5.373105999044652E-01 -3.047239836726078E+00  5.922536586448247E-01 -5.400000000000000E+06
 -4.919397603089704E-01 -3.105985406779636E+00  6.553814069316344E-01 -5.400000000000000E+06
 -4.454196757505418E-01 -3.169325674589587E+00  7.146056326933564E-01 -5.400000000000000E+06
 -3.974550337591816E-01 -3.237011484477121E+00  7.694731809664328E-01 -5.400000000000000E+06
 -3.477628046391597E-01 -3.308742066959578E+00  8.195326738645878E-01 -5.400000000000000E+06
 -2.960758369326516E-01 -3.384162301724043E+00  8.643383478029093E-01 -5.400000000000000E+06
 -2.421467967512511E-01 -3.462860525471484E+00  9.034547237784872E-01 -5.400000000000000E+06
 -1.857524072768922E-01 -3.544367073324909E+00  9.364620808167430E-01 -5.400000000000000E+06
 -1.266979204954022E-01 -3.628153741725062E+00  9.629626722498086E-01 -5.400000000000000E+06
 -6.482172874618029E-02 -3.713634352708167E+00  9.825875920824546E-01 -5.400000000000000E+06
 -6.980792763795284E-16 -3.800166583353167E+00  9.950041652780254E-01 -5.400000000000000E+06
  6.784880088586955E-02 -3.887055199444588E+00  9.999237025766774E-01 -5.400000000000000E+06
  1.387596610341555E-01 -3.973556798825555E+00  9.971094288892361E-01 -5.400000000000000E+06
  2.127172083185962E-01 -4.058886127759083E+00  9.863843660215603E-01 -5.400000000000000E+06
  2.896525175313681E-01 -4.142223983632501E+00  9.676389272144840E-01 -5.400000000000000E+06
  3.694407119923148E-01 -4.222726660841562E+00  9.408379644831532E-01 -5.400000000000000E+06
  4.518995310969041E-01 -4.299536835548259E+00  9.060270016552512E-01 -5.400000000000000E+06
  5.367890180357101E-01 -4.371795721615118E+00  8.633373877623227E-01 -5.400000000000000E+06
  6.238124567519138E-01 -4.438656267218676E+00  8.129901180994790E-01 -5.400000000000000E+06
  7.126186534475634E-01 -4.499297102590249E+00  7.552980944291554E-01 -5.400000000000000E+06
  8.028056164613968E-01 -4.552936897324518E+00  6.906666314812885E-01 -5.400000000000000E+06
  8.939256405324814E-01 -4.598848743980201E+00  6.195920634648417E-01 -5.400000000000000E+06
  9.854917492652462E-01 -4.636374156235866E+00  5.426583604459341E-01 -5.400000000000000E+06
  1.076985395396130E+00 -4.664936257114720E+00  4.605317281958389E-01 -5.400000000000000E+06
  1.167865264923462E+00 -4.684051737493817E+00  3.739532339046583E-01 -5.400000000000000E+06
  1.257576981158218E+00 -4.693341188111568E+00  2.837295709549870E-01 -5.400000000000000E+06
  1.345563461119766E+00 -4.692537449413633E+00  1.907221454070115E-01 -5.400000000000000E+06
  1.431275642057636E+00 -4.681491681596790E+00  9.583473150236731E-02 -5.400000000000000E+06
  1.514183272437241E+00 -4.660176929846253E+00  9.797174393178826E-16 -5.400000000000000E+06
  1.593785451112940E+00 -4.628689043803674E+00 -9.583473150236535E-02 -5.400000000000000E+06
  1.669620601539608E+00 -4.587244901786312E+00 -1.907221454070166E-01 -5.400000000000000E+06
  1.741275584857070E+00 -4.536177984729457E+00 -2.837295709549851E-01 -5.400000000000000E+06
  1.808393685810518E+00 -4.475931437550653E+00 -3.739532339046565E-01 -5.400000000000000E+06
  1.870681247247388E+00 -4.407048842029893E+00 -4.605317281958372E-01 -5.400000000000000E+06
  1.927912780173521E+00 -4.330163001149648E+00 -5.426583604459324E-01 -5.400000000000000E+06
  1.979934434337040E+00 -4.245983096590958E+00 -6.195920634648430E-01 -5.400000000000000E+06
  2.026665775968675E+00 -4.155280626065859E+00 -6.906666314812870E-01 -5.400000000000000E+06
  2.068099881437132E+00 -4.058874553742473E+00 -7.552980944291541E-01 -5.400000000000000E+06
  2.104301815051610E+00 -3.957616114643890E+00 -8.129901180994779E-01 -5.400000000000000E+06
  2.135405613215968E+00 -3.852373703116263E+00 -8.633373877623235E-01 -5.400000000000000E+06
  2.161609943216049E+00 -3.744018247796271E+00 -9.060270016552503E-01 -5.400000000000000E+06
  2.183172641289147E+00 -3.633409433326515E+00 -9.408379644831525E-01 -5.400000000000000E+06
  2.200404360124998E+00 -3.521383075360515E+00 -9.676389272144835E-01 -5.400000000000000E+06
  2.213661570105551E+00 -3.408739893548320E+00 -9.863843660215600E-01 -5.400000000000000E+06
  2.223339161585813E+00 -3.296235860732966E+00 -9.971094288892363E-01 -5.400000000000000E+06
  2.229862888115675E+00 -3.184574238970617E+00 -9.999237025766774E-01 -5.400000000000000E+06
  2.233681873949668E+00 -3.074399347388495E+00 -9.950041652780256E-01 -5.400000000000000E+06
  2.235261385088988E+00 -2.966292046050409E+00 -9.825875920824551E-01 -5.400000000000000E+06
  2.235076033268493E+00 -2.860766866097305E+00 -9.629626722498081E-01 -5.400000000000000E+06
  2.233603548644479E+00 -2.758270671047666E+00 -9.364620808167436E-01 -5.400000000000000E+06
  2.231319221323121E+00 -2.659182698236345E+00 -9.034547237784881E-01 -5.400000000000000E+06
  2.228691076019844E+00 -2.563815803308628E+00 -8.643383478029103E-01 -5.400000000000000E+06
  2.226175809563129E+00 -2.472418714310824E+00 -8.195326738645889E-01 -5.400000000000000E+06
  2.224215488888062E+00 -2.385179094635809E+00 -7.694731809664295E-01 -5.400000000000000E+06
  2.223234978546820E+00 -2.302227214964759E+00 -7.146056326933578E-01 -5.400000000000000E+06
  2.223640042239404E+00 -2.223640042239404E+00 -6.553814069316358E-01 -5.400000000000000E+06
  2.225816042806223E+00 -2.149445567323473E+00 -5.922536586448263E-01 -5.400000000000000E+06
  2.230127149648719E+00 -2.079627211052612E+00 -5.256743178126576E-01 -5.400000000000000E+06
  2.236915951581231E+00 -2.014128169558091E+00 -4.560918999490329E-01 -5.400000000000000E+06
  2.246503366443073E+00 -1.952855582908471E+00 -3.839500852281704E-01 -5.400000000000000E+06
  2.259188736091180E+00 -1.895684435213976E+00 -3.096870041808070E-01 -5.400000000000000E+06
  2.275249996274740E+00 -1.842461118510286E+00 -2.337351530428591E-01 -5.400000000000000E+06
  2.294943814974853E+00 -1.793006616280344E+00 -1.565218499100716E-01 -5.400000000000000E+06
  2.318505599705327E+00 -1.747119284843957E+00 -7.847013357700432E-02 -5.400000000000000E+06
  2.346149283687347E+00 -1.704577231648173E+00 -1.102182119232618E-15 -5.400000000000000E+06
  2.378066812458198E+00 -1.665140308449568E+00  7.847013357700211E-02 -5.400000000000000E+06
  2.414427266136651E+00 -1.628551754305746E+00  1.565218499100729E-01 -5.400000000000000E+06
  2.455375568080094E+00 -1.594539538062864E+00  2.337351530428570E-01 -5.400000000000000E+06
  2.501030747902182E+00 -1.562817462546937E+00  3.096870041808049E-01 -5.400000000000000E+06
  2.551483745659910E+00 -1.533086102855973E+00  3.839500852281684E-01 -5.400000000000000E+06
  2.606794764338859E+00 -1.505033658913149E+00  4.560918999490309E-01 -5.400000000000000E+06
  2.666990199394720E+00 -1.478336807660318E+00  5.256743178126587E-01 -5.400000000000000E+06
  2.732059196804239E+00 -1.452661642798298E+00  5.922536586448245E-01 -5.400000000000000E+06
  2.801949914491216E+00 -1.427664789642014E+00  6.553814069316342E-01 -5.400000000000000E+06
  2.876565585644064E+00 -1.402994779265654E+00  7.146056326933562E-01 -5.400000000000000E+06
  2.955760505702759E+00 -1.378293759481287E+00  7.694731809664326E-01 -5.400000000000000E+06
  3.039336086876807E+00 -1.353199610170951E+00  8.195326738645876E-01 -5.400000000000000E+06
  3.127037144019082E+00 -1.327348516988107E+00  8.643383478029092E-01 -5.400000000000000E+06
  3.218548592441322E+00 -1.300378040471125E+00  9.034547237784871E-01 -5.400000000000000E+06
  3.313492750633020E+00 -1.271930697318592E+00  9.364620808167429E-01 -5.400000000000000E+06
  3.411427447603219E+00 -1.241658047286296E+00  9.629626722498085E-01 -5.400000000000000E+06
  3.511845134493304E+00 -1.209225253403003E+00  9.825875920824546E-01 -5.400000000000000E+06
  3.614173192105119E+00 -1.174316055711910E+00  9.950041652780254E-01 -5.400000000000000E+06
  3.717775609152428E+00 -1.136638070496560E+00  9.999237025766774E-01 -5.400000000000000E+06
  3.821956179785216E+00 -1.095928299125771E+00  9.971094288892361E-01 -5.400000000000000E+06
  3.925963333071720E+00 -1.051958704610766E+00  9.863843660215603E-01 -5.400000000000000E+06
  4.028996661968439E+00 -1.004541691190433E+00  9.676389272144841E-01 -5.400000000000000E+06
  4.130215165746248E+00 -9.535353042752056E-01  9.408379644831533E-01 -5.400000000000000E+06
  4.228747159358229E+00 -8.988479563650607E-01  9.060270016552513E-01 -5.400000000000000E+06
  4.323701737920206E+00 -8.404424804362196E-01  8.633373877623228E-01 -5.400000000000000E+06
  4.414181616971772E+00 -7.783393168194426E-01  8.129901180994792E-01 -5.400000000000000E+06
  4.499297102590248E+00 -7.126186534475653E-01  7.552980944291555E-01 -5.400000000000000E+06
  4.578180883147349E+00 -6.434213627360621E-01  6.906666314812886E-01 -5.400000000000000E+06
  4.650003280050200E+00 -5.709486109380286E-01  6.195920634648420E-01 -5.400000000000000E+06
  4.713987551609820E+00 -4.954600566638685E-01  5.426583604459343E-01 -5.400000000000000E+06
  4.769424815301504E+00 -4.172706028781063E-01  4.605317281958391E-01 -5.400000000000000E+06
  4.815688141608681E+00 -3.367457190568650E-01  3.739532339046585E-01 -5.400000000000000E+06
  4.852245379062578E+00 -2.542954048530708E-01  2.837295709549872E-01 -5.400000000000000E+06
  4.878670295719857E+00 -1.703669208230691E-01  1.907221454070118E-01 -5.400000000000000E+06
  4.894651666794908E+00 -8.543646264491378E-02  9.583473150236754E-02 -5.400000000000000E+06