7.847257125749580453e-01
7.846145659322925070e-01
7.842686526785390688e-01
7.836890136202547819e-01
7.828761138736154424e-01
7.818303090481301121e-01
7.805548492810154837e-01
7.790503365907401889e-01
7.773224689459644621e-01
7.753702818875163327e-01
7.732006654913718968e-01
7.708142815223758548e-01
7.682171743052064183e-01
7.654113193033731388e-01
7.624057155433887623e-01
7.591991366332622171e-01
7.558037191399462618e-01
7.522211766021362767e-01
7.484549424533633033e-01
7.445129626012001456e-01
7.404041355550589065e-01
7.361331781634607996e-01
7.317046183218374189e-01
7.271252540780541729e-01
7.224022942030762229e-01
7.175422673165752219e-01
7.125518219314722623e-01
7.074376521062787360e-01
7.022065720827596058e-01
6.968654836141272568e-01
6.914205364380796581e-01
6.858773196612287792e-01
6.802453261954978236e-01
6.745307475188538904e-01
6.687434475115001664e-01
6.628757738165717006e-01
6.569483437093673883e-01
6.509613652751465862e-01
6.449208005039001046e-01
6.388387686499381601e-01
6.327147104043967518e-01
6.265516214389774685e-01
6.203583593656787354e-01
6.141445067542707914e-01
6.079116686178719364e-01
6.016598915915202239e-01
5.953976084740052466e-01
5.891341826804399329e-01
5.828700282199189564e-01
5.766044669009773305e-01
5.703458574789844748e-01
5.641027167789696151e-01
5.578738595313029736e-01
5.516586377615682046e-01
5.454647576866560321e-01
5.392990251460219042e-01
5.331618567819769172e-01
5.270495718936529794e-01
5.209712229144584095e-01
5.149264547048134633e-01
5.089269613085793953e-01
5.029573542044449841e-01
4.970458787067040807e-01
4.911559376354961981e-01
4.853223805457114182e-01
4.795360848148073063e-01
4.737971367016290403e-01
4.681087252780130048e-01
4.624694814316200331e-01
4.568802562898328645e-01
4.513444093303668470e-01
4.458633346208438208e-01
4.404378234441128082e-01
4.350682465068432259e-01
4.297545417332015449e-01
4.244973897944936958e-01
4.192968999677795239e-01
4.141535697560226881e-01
4.090676675157194353e-01
4.040393837003768418e-01
3.990688486845737626e-01
3.941561242240324558e-01
3.893012375263419922e-01
3.845041721641383470e-01
3.797648285090309273e-01
3.750829703457663200e-01
3.704585266171048219e-01
3.658919813125228182e-01
3.613836386619411756e-01
3.569323272383650991e-01
3.525373675112492000e-01
3.481988550609797506e-01
3.439121549233789543e-01
3.396808252653803484e-01
3.355053188703123745e-01
3.313762285863679491e-01
3.273134871880644114e-01
3.232988410649429434e-01
3.193342373419713609e-01
3.154182709894483017e-01
3.115575515449653943e-01
3.077505018296234351e-01
3.039885273826677392e-01
3.002707735782904064e-01
2.966062666514341917e-01
2.929927228506873926e-01
2.894191418585477793e-01
2.858895968446055758e-01
2.824118471912093198e-01
2.789757158735342024e-01
2.755758455045789201e-01
2.722263194525936236e-01
2.689172555370161755e-01
2.656401567950293918e-01
2.624116211291888101e-01
2.592180594394299376e-01
2.560558644798749950e-01
2.529394108819781328e-01
2.498474246394263854e-01
2.467930731977487913e-01
2.437748357116325815e-01
2.407757547327746273e-01
2.378173284374351382e-01
2.348763845193845567e-01
2.319643564642625000e-01
2.290783543758715679e-01
2.262034573460550146e-01
2.233586900559608457e-01
2.205144371711386109e-01
2.176942773468603931e-01
2.148725578752020970e-01
2.120569387490281177e-01
2.092404904568353763e-01
2.064049611284986541e-01
2.035625161008571549e-01
2.006726249485615010e-01
1.977543389610493252e-01
1.947607866400101473e-01
1.916747998188214341e-01
1.884642165396408220e-01
1.850420526770419627e-01
1.813207189085998261e-01
1.770957736235547753e-01
1.718878592293321406e-01
1.640845471652277454e-01
1.247173222148707378e-01
1.431549122236151772e-01
1.500685225585816351e-01