1.274330615112192699e+00
1.274511133771500715e+00
1.275073275700445707e+00
1.276016356769499316e+00
1.277341308897612215e+00
1.279049927365298878e+00
1.281139949256762334e+00
1.283614104290325963e+00
1.286467379948481815e+00
1.289706380757408066e+00
1.293325322430363356e+00
1.297329361911895518e+00
1.301715235544458338e+00
1.306487080580587712e+00
1.311637596115436954e+00
1.317177472612246492e+00
1.323094838879507851e+00
1.329396234917378017e+00
1.336085772541091288e+00
1.343159958566969792e+00
1.350613741845633875e+00
1.358449842588057788e+00
1.366671707353026344e+00
1.375278873057342199e+00
1.384270243913272580e+00
1.393646124485104609e+00
1.403406698602438274e+00
1.413552130032470266e+00
1.424082370852751689e+00
1.434997174510262097e+00
1.446297798951123870e+00
1.457986685569256036e+00
1.470057876902790994e+00
1.482512107384769573e+00
1.495341754332184747e+00
1.508578287968502352e+00
1.522189696610907417e+00
1.536189478122595986e+00
1.550577992241316538e+00
1.565340190786019603e+00
1.580491149574907883e+00
1.596037685934540873e+00
1.611971507924077729e+00
1.628281274198738915e+00
1.644975827283538194e+00
1.662068577240181755e+00
1.679549910458969286e+00
1.697406175703817910e+00
1.715648346259959656e+00
1.734291108382506108e+00
1.753322106029054472e+00
1.772726792932334927e+00
1.792519909142451517e+00
1.812715203839895262e+00
1.833299009529142154e+00
1.854258868221090539e+00
1.875603041139765503e+00
1.897354733459072129e+00
1.919491818388203708e+00
1.942024906398059469e+00
1.964918497201932679e+00
1.988240139329018108e+00
2.011886714767588291e+00
2.036013256429640261e+00
2.060486060576001588e+00
2.085348802032680027e+00
2.110607942803470749e+00
2.136255843994561587e+00
2.162304844212424637e+00
2.188757308360521847e+00
2.215602939413033212e+00
2.242839727672127470e+00
2.270468036056149774e+00
2.298489968019927332e+00
2.326909672593561407e+00
2.355727088178602990e+00
2.384944892454115450e+00
2.414563275620438709e+00
2.444583327919878979e+00
2.475006250236162941e+00
2.505833274875347350e+00
2.537065742587865991e+00
2.568704909221705801e+00
2.600752013616946634e+00
2.633208567328450656e+00
2.666076785832639739e+00
2.699357493891808790e+00
2.733047049604130141e+00
2.767142429863729713e+00
2.801651528000107749e+00
2.836578735070093504e+00
2.871922137207691073e+00
2.907719269831543052e+00
2.943940092051814172e+00
2.980578678654403735e+00
3.017717970495176427e+00
3.055175051266464603e+00
3.093113469587489561e+00
3.131515143266994983e+00
3.170393385465780423e+00
3.209679865055928616e+00
3.249385440656792579e+00
3.289597829924604255e+00
3.330327451063988864e+00
3.371472933763669300e+00
3.413054052231911495e+00
3.455196479328741965e+00
3.497853755565464073e+00
3.540927938915188644e+00
3.584541388732637390e+00
3.628765061643924650e+00
3.673414099014563838e+00
3.718615966100959458e+00
3.764491077196622904e+00
3.810806837353008625e+00
3.857755906986351402e+00
3.905397761661483447e+00
3.953515968559764282e+00
4.002442696550406076e+00
4.051977582039858916e+00
4.102146134488324769e+00
4.153242094952009467e+00
4.204908055146534096e+00
4.257558724118853277e+00
4.311007153179003737e+00
4.365318594698829102e+00
4.420798920284230604e+00
4.477103620859602451e+00
4.534850474320245795e+00
4.593598013633876320e+00
4.653921421556304949e+00
4.715714590143695872e+00
4.779189715225275137e+00
4.844844787318091761e+00
4.912495773556559975e+00
4.983240739768717731e+00
5.056779058572084651e+00
5.134503804651237679e+00
5.217169919808130274e+00
5.306047048934957822e+00
5.404176972384338917e+00
5.515089538686861914e+00
5.646662139581371420e+00
5.817746549893344721e+00
6.094419110612730783e+00
8.018132383223703030e+00
6.985439650425335323e+00
6.663622610195512941e+00
