6.415097811679057571e+00
6.431757811679057468e+00
6.448417811679057365e+00
6.465077811679057262e+00
6.481737811679057160e+00
6.498397811679057945e+00
6.515057811679057842e+00
6.531717811679057739e+00
6.548377811679057636e+00
6.565037811679057533e+00
6.581697811679057430e+00
6.598357811679057328e+00
6.615017811679057225e+00
6.631677811679057122e+00
6.648337811679057019e+00
6.664997811679057804e+00
6.681657811679057701e+00
6.698317811679057598e+00
6.714977811679057496e+00
6.731637811679057393e+00
6.748297811679057290e+00
6.764957811679057187e+00
6.781617811679057084e+00
6.798277811679056981e+00
6.814937811679056878e+00
6.831597811679057664e+00
6.848257811679057561e+00
6.864917811679057458e+00
6.881577811679057355e+00
6.898237811679057252e+00
6.914897811679057149e+00
6.931557811679057046e+00
6.948217811679056943e+00
6.964877811679057729e+00
6.981537811679057626e+00
6.998197811679057523e+00
7.014857811679057420e+00
7.031517811679057317e+00
7.048177811679057214e+00
7.064837811679057111e+00
7.081497811679057008e+00
7.098157811679056906e+00
7.114817811679056803e+00
7.131477811679056700e+00
7.148137811679057485e+00
7.164797811679057382e+00
7.181457811679057279e+00
7.198117811679057176e+00
7.214777811679057073e+00
7.231437811679056971e+00
7.248097811679056868e+00
7.264757811679056765e+00
7.281417811679057550e+00
7.298077811679057447e+00
7.314737811679057344e+00
7.331397811679057241e+00
7.348057811679057139e+00
7.364717811679057036e+00
7.381377811679056933e+00
7.398037811679056830e+00
7.414697811679056727e+00
7.431357811679056624e+00
7.448017811679056521e+00
7.464677811679057307e+00
7.481337811679057204e+00
7.497997811679057101e+00
7.514657811679056998e+00
7.531317811679056895e+00
7.547977811679056792e+00
7.564637811679056689e+00
7.581297811679057475e+00
7.597957811679057372e+00
7.614617811679057269e+00
7.631277811679057166e+00
7.647937811679057063e+00
7.664597811679056960e+00
7.681257811679056857e+00
7.697917811679056754e+00
7.714577811679056651e+00
7.731237811679056549e+00
7.747897811679056446e+00
7.764557811679056343e+00
7.781217811679057128e+00
7.797877811679057025e+00
7.814537811679056922e+00
7.831197811679056819e+00
7.847857811679056717e+00
7.864517811679056614e+00
7.881177811679056511e+00
7.897837811679057296e+00
7.914497811679057193e+00
7.931157811679057090e+00
7.947817811679056987e+00
7.964477811679056884e+00
7.981137811679056782e+00
7.997797811679056679e+00
8.014457811679056576e+00
8.031117811679056473e+00
8.047777811679056370e+00
8.064437811679056267e+00
8.081097811679056164e+00
8.097757811679056061e+00
8.114417811679055959e+00
8.131077811679055856e+00
8.147737811679057529e+00
8.164397811679055650e+00
8.181057811679057323e+00
8.197717811679057220e+00
8.214377811679057118e+00
8.231037811679057015e+00
8.247697811679056912e+00
8.264357811679056809e+00
8.281017811679056706e+00
8.297677811679056603e+00
8.314337811679056500e+00
8.330997811679056397e+00
8.347657811679056294e+00
8.364317811679056192e+00
8.380977811679056089e+00
8.397637811679055986e+00
8.414297811679055883e+00
8.430957811679057556e+00
8.447617811679055677e+00
8.464277811679057351e+00
8.480937811679055471e+00
8.497597811679057145e+00
8.514257811679057042e+00
8.530917811679056939e+00
8.547577811679056836e+00
8.564237811679056733e+00
8.580897811679056630e+00
8.597557811679056528e+00
8.614217811679056425e+00
8.630877811679056322e+00
8.647537811679056219e+00
8.664197811679056116e+00
8.680857811679056013e+00
8.697517811679055910e+00
8.714177811679055807e+00
8.730837811679055704e+00
8.747497811679057378e+00
8.764157811679055499e+00
8.780817811679057172e+00
8.797477811679055293e+00
8.814137811679056966e+00
8.830797811679056863e+00
8.847457811679056761e+00
8.864117811679056658e+00