1.126760309810646898e+00
1.125600307805313616e+00
1.122201571160311939e+00
1.116604722621607149e+00
1.108875337643841830e+00
1.099102476504216552e+00
1.087396054230150177e+00
1.073885184294186113e+00
1.058711279194222366e+00
1.042027335660944631e+00
1.023998169060381658e+00
1.004782595509018606e+00
9.845486029786447713e-01
9.634644626641755139e-01
9.416879383347929178e-01
9.193702926130474795e-01
8.966552200240784920e-01
8.736779963428030760e-01
8.505627650991389732e-01
8.274209095923434898e-01
8.043536909075892360e-01
7.814520657559992367e-01
7.587946718144631397e-01
7.364495191082330861e-01
7.144751632152378518e-01
6.929208702838545175e-01
6.718252678446782200e-01
6.512228044608132649e-01
6.311381453747872960e-01
6.115899890860622135e-01
5.925926894001222189e-01
