8.875001997257525588e-01
8.884148245746236183e-01
8.911055069777167326e-01
8.955720674834348749e-01
9.018146278957001050e-01
9.098332697607779407e-01
9.196281300726031338e-01
9.311982459812523372e-01
9.445445794826072827e-01
9.596677225033762859e-01
9.765642461232110216e-01
9.952401688381199429e-01
1.015693889539438288e+00
1.037921001502013052e+00
1.061922914472411605e+00
1.087701014525698451e+00
1.115255872790375635e+00
1.144586454261155684e+00
1.175692189962539880e+00
1.208574727091056067e+00
1.243234178327265571e+00
1.279669021071140333e+00
1.317879575523054347e+00
1.357866322203455711e+00
1.399628778556640807e+00
1.443166229919371268e+00
1.488482270409623442e+00
1.535572761196470237e+00
1.584439171247005396e+00
1.635082355573484136e+00
1.687499724325478345e+00
