6.001000000000000334e+00
6.067633333333333212e+00
6.134266666666666978e+00
6.200900000000000745e+00
6.267533333333333623e+00
6.334166666666666501e+00
6.400800000000000267e+00
6.467433333333334033e+00
6.534066666666666912e+00
6.600699999999999790e+00
6.667333333333333556e+00
6.733966666666667322e+00
6.800600000000000200e+00
6.867233333333333078e+00
6.933866666666666845e+00
7.000500000000000611e+00
7.067133333333333489e+00
7.133766666666666367e+00
7.200400000000000134e+00
7.267033333333333900e+00
7.333666666666666778e+00
7.400299999999999656e+00
7.466933333333333422e+00
7.533566666666667189e+00
7.600200000000000067e+00
7.666833333333332945e+00
7.733466666666666711e+00
7.800100000000000477e+00
7.866733333333333356e+00
7.933366666666666234e+00
8.000000000000000000e+00
